function p = Itime(t,d)

%% Data points
Data = [
    0, 6.570421001956561
0.0001293516779004916, 19.6857021186745
0.00021183013173960022, 32.655216466869206
0.0003107586077297944, 46.790119353178284
0.00044244453009642916, 58.795336198914356
0.000606790037517927, 65.60976486509583
0.0007709789668248986, 67.52643010890665
0.0009350784229235696, 66.6443733970774
0.0010991331424180903, 64.362955707428
0.0012631934539881298, 62.25645814000609
0.001427153108198831, 57.00139837248889
0.0015420520858643746, 57.30228931590284
0.0015964340216996198, 71.51209938523266
0.001608596386519006, 85.24279640147188
0.0016319349136966446, 96.52410043104965
0.0016478052240189492, 113.78218992143331
0.0016919826206173304, 126.60767725793323
0.0016923181451484579, 137.10288459158414
0.0016926536696795845, 147.59809192523505
0.001709359995291947, 156.7806527321104
0.0017262340831698734, 171.21081720581117
0.0017486676261260557, 188.41030174475793
0.0017929824945809403, 205.53590875268446
0.0017933110290176686, 215.81246593355093
0.0018100033744412347, 224.5577264348575
0.00181590301411355, 237.9680206022773
0.0018274320098081065, 256.3341363627869
0.0018770943004778264, 269.5966754681659
0.0018773599240649685, 277.9053812739729
0.001877695448596096, 288.40058860762383
0.0018835671278908173, 300.93628216390607
0.001911359743219166, 314.63711572161276
0.0019116952677502934, 325.13232305526367
0.00191203079228142, 335.6275303889146
0.0019179397520796, 349.32935809338016
0.0019457090670932874, 362.3013578084723
0.0019625761648768155, 376.51287212938877
0.001970026207486713, 404.1936832278653
0.0019793873419051548, 388.97518522803
0.002013205418604992, 420.0220157032756
0.002013526962947322, 430.0799227313577
0.0020138624874784486, 440.57513006500864
0.0020197714472766286, 454.2769577694743
0.0020475547424791125, 467.68625779013513
0.002064428830357039, 482.116422263836
0.002064806295454557, 493.92353051419326
0.002081470680500529, 501.79419040436227
0.0020818062050316556, 512.2893977380131
0.002087696524578106, 525.4081583683871
0.002131827320547164, 536.7759780196577
0.0021321348847006976, 546.3965847421712
0.0021324704092318242, 556.891792075822
0.0021328059337629517, 567.386999409473
0.0021498897244728323, 588.3766684667056
0.002154941232691465, 575.2574107629522
0.002173359665425162, 603.76859536863
0.002265708598561215, 617.4519195165458
0.0022743378700961366, 630.6798809549671
0.0022830230623862454, 645.6570436156634
0.0023641500979749816, 616.3541950922088
0.0023882938840273254, 601.4848662877662
0.00241220000687012, 579.1814322886544
0.0024125215512124493, 589.2393393167365
0.002438664504262759, 551.3387368173262
0.00245004437794348, 565.0403159851021
0.002476075489483412, 523.6413110411415
0.002481956488903999, 536.4685381344696
0.002492199307229235, 514.6030257826508
0.0025136635570954954, 501.4830224688282
0.0025345685994098773, 470.87100693225415
0.0025404123183270047, 482.5320998773988
0.002556070129779595, 458.9171377666151
0.002566611192132501, 446.38069860026377
0.002588224564012594, 437.92523187917493
0.002603197346214134, 392.8825547955206
0.002603518890556464, 402.94046182360273
0.0026038544150875915, 413.43566915725364
0.002604189939618718, 423.93087649090455
0.002629298358698052, 353.67005137940396
0.0026351420776151786, 365.33114432454863
0.00264103239716163, 378.44990495492254
0.0026661081958004366, 307.1687124637615
0.0026664297401427666, 317.2266194918436
0.002666765264673894, 327.72182682549453
0.00267264626409448, 340.54905391882255
0.002681933769518591, 288.80135401980317
0.0027238789959723926, 231.8045592338202
0.0027297320350153846, 243.75718571601055
0.002730067559546512, 254.25239304966146
0.0027304030840776387, 264.7476003833124
0.002761956370192369, 224.95178135641436
0.002810798489786001, 212.55936920175793
0.0028432045674173455, 199.43886881455592
0.0028592864445967773, 189.0886826393588
0.002891552720340152, 171.59517919646885
0.0029404694009407015, 161.53503533817923
0.0029509825029160127, 148.12399556069022
0.002989008616443733, 139.66778322953235
0.0030543100783143157, 128.73229315003596
0.00309228493114978, 118.67264636512573
0.0031466212649406164, 107.00881951639417
0.0031845634973355556, 95.92880535182348
0.0032334102769921206, 83.68215996568995
0.00329858591716353, 68.81096713607451
0.0034295579178889334, 58.4847150440977
0.0035774906836628048, 65.29988932034826
0.0037254178573611564, 71.94014347437133
0.003889450208553603, 68.95904529581185
0.004053404270688786, 63.52906540606716
0.004217246491313591, 54.60068307177221
0.004381278842506038, 51.61958489321262
0.004545355930302633, 50.037847692473406
0.0047093770973440415, 46.70690926945883
0.004873482145518233, 45.999772679857074
0.005037665482749686, 47.74151780144052
0.005202055726775333, 55.95530744544203
0.005366311760988531, 59.9710141559832
0.0055300868767071115, 48.94359035495802
0.0056778532782342985, 50.55489099493991
0.005809539666607227, 62.574684517528226
0.005957528353136286, 71.13906001605392
0.006088640155749659, 65.18581097976505
0.006186734480474968, 53.228462300469914
0.0063012229065961736, 40.68730093701379
0.0064485964648181675, 30.01046299051268
0.006612628816010612, 27.029364811953315
0.0067376284800819575, 35.24494392012082
0.006810255560882144, 48.09829221953885
0.006876321273073627, 61.06855217780287
0.00699164851052265, 74.76540914847396
0.0071396260129006715, 82.97994440254467
0.00730382612635868, 85.24644989081071
0.007467892030004239, 83.31487244561617
0.007631924381196684, 80.33377426705681
0.007795928772011537, 76.47807547735977
0.00796006737263884, 76.82045962112318
0.008091712286451669, 87.54292890385727
0.008157782658706083, 100.6589556306443
0.008190925026280734, 110.56960467006513
0.008230651130766166, 121.06302253954993
0.008290193686864988, 135.34548165854812
0.008323345374565503, 145.54766423501485
0.008345639115633716, 158.37414571827367
0.008400721059493722, 170.03300183321073
0.008423059071159793, 184.24426761743746
0.008450962129979636, 201.39977358913768
0.008489793502382062, 218.13205885874197
0.008523073341813217, 232.34282756958908
0.00855646968281768, 250.19776549350968
0.008556702685964295, 257.4861039196561
0.008589919614545862, 269.72902125544374
0.008623192463882618, 283.72113981350674
0.008656381432086592, 295.0894565381568
0.008706134127977199, 311.1798709528807
0.008755789894558814, 324.23833658232763
0.008772584761366891, 336.1904659911387
0.008828852225236881, 350.70630106178726
0.008839158420417995, 365.04930371840203
0.008921711435264023, 380.3510863629637
0.008998593153521417, 389.38514649772924
0.009096803979820033, 381.07196703150726
0.009183975117031987, 369.6981824996831
0.00920005699421142, 359.34799632448596
0.009248861833301593, 345.7894500216461
0.009258927569235402, 318.3848004659559
0.009264799248530124, 330.92049402223813
0.009290988802209754, 294.4775592080572
0.009296869801630341, 307.3047863013852
0.009328283285857102, 263.13596421879936
0.00932860483019943, 273.1938712468815
0.009328940354730558, 283.6890785805324
0.009360640432827656, 248.48491276210655
0.009387116580377624, 221.00663421208583
0.009392969619420618, 232.95926069427628
0.009425068132898428, 210.21815358456092
0.009473905592429128, 197.6799746613815
0.009506311670060472, 184.55947427417948
0.009555216700503692, 174.13491349458263
0.009587713649362216, 163.85686509357765
0.00962007778642717, 149.4244637896694
0.009668854665139748, 134.99131687569184
0.00968483402093467, 121.43426179299024
0.009750135482805252, 110.49877171349385
0.009798954302084223, 97.37752571622275
0.009929426744063281, 71.42507603858803
0.010021952293584468, 56.40687375700088
0.010191484451049638, 54.329281006593874
0.010355824366395617, 60.96878955054774
0.010520069216457775, 64.63465601663393
0.010684213409160597, 65.15196028262483
0.010848273720730637, 63.04546271520269
0.011012294887772046, 59.714524292188344
0.011176271318209302, 54.98422489135373
0.011340230972420004, 49.72916512383665
0.011504229771159337, 45.69854621191189
0.011668340411409045, 45.166329744537734
